ORT: [ 41.254436 -22.265532  15.169448  56.25074 ]
XLA: [ 41.25533  -22.245968  15.195742  56.26139 ]
max_abs=0.1193
BUG REPRODUCED: XLA space_to_depth_block (max_abs=0.1193)
