E0417 23:18:05.989412 2624637 platform_util.cc:270] Failed to create stream executor for device CUDA:1: : CUDA_ERROR_OUT_OF_MEMORY: out of memory
ORT: [ 33.65159  -46.478348 -28.172342  27.534014]
XLA: [ 33.650417 -46.470745 -28.187355  27.553116]
max_abs=0.0203
BUG REPRODUCED: XLA add_self_sub_double (max_abs=0.0203)
