ORT:      [-3.2990341e+00 -2.4846565e+01  1.4714709e-04  4.8295879e+00]
OpenVINO: [-2.9529891e+00 -2.4875000e+01  1.4859703e-04  4.8437500e+00]
max_abs=0.5281
BUG REPRODUCED: OpenVINO glu (max_abs=0.5281)
