ORT:      [275.03833 240.01646 257.79965 244.62679]
OpenVINO: [275.05725 239.94469 257.80746 244.65967]
max_abs=0.0718
BUG REPRODUCED: OpenVINO reduce_l2_last (max_abs=0.0718)
