ORT:      [ 41.254436 -22.265532  15.169448  56.25074 ]
OpenVINO: [ 41.07376  -22.58332   15.297047  56.707504]
max_abs=1.0417
BUG REPRODUCED: OpenVINO space_to_depth_block (max_abs=1.0417)
