ORT:      [34.732975  12.6912985 11.113333   4.188798 ]
OpenVINO: [34.790512  12.693661  11.158191   4.1422715]
max_abs=0.1540
BUG REPRODUCED: OpenVINO flatten_gemm (max_abs=0.1540)
