ORT:      [  8.451527  -7.942028 -13.74964   27.49309 ]
OpenVINO: [  8.430385   -7.9617577 -13.805025   27.444984 ]
max_abs=0.2501
BUG REPRODUCED: OpenVINO aspp_dilated_branch (max_abs=0.2501)
