ORT:      [-16.118095 -16.118095 -16.11629  -16.118095]
OpenVINO: [-16.118095 -16.118095 -16.116405 -16.118095]
max_abs=0.2028
BUG REPRODUCED: OpenVINO ei_log_zero (max_abs=0.2028)
