ORT:      [ 0.03248205  0.68097824 -1.6774524   2.9866254 ]
OpenVINO: [ 0.03833008  0.6875     -1.6796875   2.984375  ]
max_abs=0.0550
BUG REPRODUCED: OpenVINO group_query_attention (max_abs=0.0550)
