ORT:      [ 24.023788 -18.11512  -24.266878  -7.113834]
OpenVINO: [ 24.021349  -18.040651  -24.258022   -7.0619965]
max_abs=0.1747
BUG REPRODUCED: OpenVINO neg_unary (max_abs=0.1747)
