ORT:      [33.165524    0.48662525  1.9708737  27.003704  ]
OpenVINO: [33.117676    0.48662525  1.9708737  26.950716  ]
max_abs=0.1404
BUG REPRODUCED: OpenVINO add_relu_sub (max_abs=0.1404)
